timestamp,sweep_index,smu_voltage_V,Vdc_pv_start_V,Idc_pv_start_A,Vdc_pv_V,Idc_pv_A,f_ac_Hz,Vac_mag_raw_V,Vac_phase_raw_deg,Vac_mag_corrected_V,Vac_phase_corrected_deg,Iac_mag_raw_A,Iac_phase_raw_deg,Iac_mag_corrected_A,Iac_phase_corrected_deg,Z_mag_ohm,Z_phase_deg,Z_real_ohm,Z_imag_ohm,Y_real_S,Y_imag_S,C_uncorrected_F
2026-05-18T16:39:26,1,10.4,0.0634053044,1.597,0.0603139186,1.597,5.000000000000001,0.00695,-175.53,0.00695,-175.53,0.000144,42.07,0.000144,42.06999999999999,48.263888888888886,142.39999999999998,-38.23897931471231,29.4479783966237,-0.016415785416280207,-0.012641856633350016,-0.0004024027946113442
2026-05-18T16:39:28,1,10.4,0.0634053044,1.597,0.0727313633,1.598,10.69234599991188,0.007134,-178.14,0.007134,-178.14,5.5e-05,152.24,5.5e-05,152.24,129.7090909090909,29.620000000000005,112.75902577273554,64.10811470669191,0.006702093524868161,-0.0038104140890078,-5.67177902302816e-05
2026-05-18T16:39:31,1,10.4,0.0634053044,1.597,0.0804781706,1.6,22.865252596366325,0.007137,-179.06,0.007137,-179.06,3e-05,166.19,3e-05,166.19,237.9,14.75,230.06022886762707,60.56980347809502,0.004064926182908546,-0.001070205751179183,-7.449230429783665e-06
2026-05-18T16:39:34,1,10.4,0.0634053044,1.597,0.0738758998,1.6,48.89663842714645,0.007276,-178.16,0.007276,-178.16,2.5e-05,-164.06,2.5e-05,-164.06,291.04,-14.099999999999994,282.27155132847275,-70.90171303020396,0.0033324354565858532,0.0008370499305457062,2.7245356397979983e-06
2026-05-18T16:39:36,1,10.4,0.0634053044,1.597,0.0741562762,1.6,104.5639552591273,0.007094,-179.44,0.007094,-179.44,3.3e-05,-146.79,3.3e-05,-146.79,214.96969696969694,-32.650000000000006,181.00059606368208,-115.97738934738585,0.0039167469738669355,0.0025096828333291184,3.819943760996328e-06
2026-05-18T16:39:39,1,10.4,0.0634053044,1.597,0.0716258265,1.599,223.60679774997897,0.007096,-179.55,0.007096,-179.55,3.9e-05,-128.88,3.9e-05,-128.88,181.94871794871796,-50.670000000000016,115.31654425377296,-140.73887375046647,0.0034833219751046023,0.004251244388729004,3.0258765188097583e-06
2026-05-18T16:39:41,1,10.4,0.0634053044,1.597,0.0742907925,1.599,478.17624989501854,0.007098,-178.46,0.007098,-178.46,7.2e-05,-107.04,7.2e-05,-107.04,98.58333333333333,-71.42,31.411455315592757,-93.44513944592104,0.003232072253119073,0.009615009535775296,3.2002348419234827e-06
2026-05-18T16:39:44,1,10.4,0.0634053044,1.597,0.0728137884,1.598,1022.5651825635733,0.007096,178.92,0.007096,178.91999999999996,0.000143,-96.85,0.000143,-96.85,49.62237762237762,-84.23000000000002,4.988803848079075,-49.3709651218531,0.0020260086245408636,0.020050097014196154,3.120653923773685e-06
2026-05-18T16:39:47,1,10.4,0.0634053044,1.597,0.0747605853,1.599,2186.7241478865553,0.00732,175.03,0.00732,175.02999999999997,0.000496,-78.05,0.000496,-78.05,14.758064516129032,-106.92000000000002,-4.295130526578531,-14.119218180263385,-0.019720483435358323,0.06482639037884971,4.718217650621597e-06
2026-05-18T16:39:49,1,10.4,0.0634053044,1.597,0.0739284738,1.598,4676.242239113106,0.007098,173.16,0.007098,173.15999999999997,0.00068,-98.88,0.00068,-98.88,10.438235294117646,-87.96000000000004,0.3715718926158431,-10.431619739234229,0.003410269413922706,0.09574091701054034,3.2585224244645606e-06
2026-05-18T16:39:52,1,10.4,0.0634053044,1.597,0.0733967998,1.599,10000.0,0.007134,164.14,0.007134,164.14,0.00146,-107.02,0.00146,-107.02,4.8863013698630136,-88.84000000000003,0.0989204165684328,-4.8852999732167,0.004143100213260517,0.20461182901381686,3.256498400262264e-06
2026-05-18T16:39:56,2,10.5,0.174446339,1.597,0.164997906,1.598,5.000000000000001,0.007024,-176.4,0.007024,-176.4,0.000162,11.72,0.000162,11.719999999999999,43.35802469135802,171.88,-42.92333506840043,6.124182536652345,-0.022832553388688774,-0.0032576854642670013,-0.00010369534893534183
2026-05-18T16:39:58,2,10.5,0.174446339,1.597,0.177597651,1.598,10.69234599991188,0.006963,-177.72,0.006963,-177.72,5e-05,168.47,5e-05,168.47000000000003,139.26,13.809999999999945,135.23436009616182,33.24177265702942,0.006973234476350121,-0.0017140812067448032,-2.551399822981829e-05
2026-05-18T16:40:01,2,10.5,0.174446339,1.597,0.177422735,1.598,22.865252596366325,0.007124,-178.91,0.007124,-178.91,3.1e-05,-159.87,3.1e-05,-159.87,229.80645161290323,-19.039999999999992,217.2339832636097,-74.9693385214207,0.004113422617671074,0.0014195779503413915,9.881056286122033e-06
2026-05-18T16:40:03,2,10.5,0.174446339,1.597,0.174843249,1.599,48.89663842714645,0.007254,-177.81,0.007254,-177.81,3.2e-05,-163.81,3.2e-05,-163.81,226.6875,-14.0,219.95391245018996,-54.84066970874968,0.004280323027409965,0.0010672043919478036,3.4736713960601354e-06
2026-05-18T16:40:06,2,10.5,0.174446339,1.597,0.174950757,1.598,104.5639552591273,0.007083,-179.35,0.007083,-179.35,3.6e-05,-157.01,3.6e-05,-157.01,196.75,-22.340000000000003,181.9828466197193,-74.78506559590436,0.004701116048616429,0.0019319033557289268,2.940515858243035e-06
2026-05-18T16:40:09,2,10.5,0.174446339,1.597,0.175955476,1.599,223.60679774997897,0.007089,-179.68,0.007089,-179.68,5e-05,-134.19,5e-05,-134.19,141.78,-45.49000000000001,99.39256355952081,-101.10730294625911,0.004944517839688609,0.005029821600699531,3.5800386154485552e-06
2026-05-18T16:40:11,2,10.5,0.174446339,1.597,0.173918713,1.598,478.17624989501854,0.007085,-179.01,0.007085,-179.01,8e-05,-107.31,8e-05,-107.31,88.5625,-71.69999999999999,27.807956881613315,-84.0834938636611,0.0035454335183334384,0.010720400594403996,3.568150335570365e-06
2026-05-18T16:40:14,2,10.5,0.174446339,1.597,0.175149225,1.599,1022.5651825635733,0.006473,177.2,0.006473,177.2,0.000158,-98.54,0.000158,-98.54,40.96835443037975,-84.25999999999999,4.097425605335823,-40.76293865930123,0.0024412600093810504,0.024286696476981885,3.7800502712147412e-06
2026-05-18T16:40:17,2,10.5,0.174446339,1.597,0.175234065,1.6,2186.7241478865553,0.006793,175.18,0.006793,175.18,0.000563,-109.73,0.000563,-109.73,12.065719360568384,-75.08999999999997,3.1045271311866696,-11.659480905242763,0.02132499903174691,0.0800889824789305,5.829065115982458e-06
2026-05-18T16:40:19,2,10.5,0.174446339,1.597,0.17544126,1.599,4676.242239113106,0.007081,172.5,0.007081,172.5,0.00074,-100.22,0.00074,-100.22,9.568918918918918,-87.27999999999997,0.4540942546683833,-9.558138295961278,0.00495929859772424,0.10438727502208037,3.552799441546507e-06
2026-05-18T16:40:22,2,10.5,0.174446339,1.597,0.175394318,1.6,10000.0,0.007112,162.81,0.007112,162.81,0.001606,-108.67,0.001606,-108.67,4.428393524283935,-88.51999999999998,0.11437655009704613,-4.42691621907483,0.005832363439311862,0.2257401913514748,3.5927667308097537e-06
2026-05-18T16:40:25,3,10.6,0.274431322,1.6,0.283720178,1.599,5.000000000000001,0.007084,-175.09,0.007084,-175.09,3.4e-05,16.39,3.4e-05,16.389999999999986,208.35294117647058,168.51999999999998,-204.18468171006668,41.46762414034082,-0.004703529654647518,-0.0009552342429331921,-3.0406050314692378e-05
2026-05-18T16:40:28,3,10.6,0.274431322,1.6,0.27230962,1.599,10.69234599991188,0.007023,-177.77,0.007023,-177.77,8.8e-05,172.24,8.8e-05,172.24,79.80681818181819,9.990000000000009,78.59679082274543,13.844591025790027,0.012340274525082453,-0.0021737026684847797,-3.235543673055916e-05
2026-05-18T16:40:31,3,10.6,0.274431322,1.6,0.271056491,1.597,22.865252596366325,0.006997,-178.2,0.006997,-178.2,6.4e-05,-174.64,6.4e-05,-174.64,109.328125,-3.5600000000000023,109.11715684192458,-6.788593282150452,0.009129126848776122,0.0005679576978648835,3.953303148579887e-06
2026-05-18T16:40:33,3,10.6,0.274431322,1.6,0.275108747,1.599,48.89663842714645,0.006864,-178.24,0.006864,-178.24,6.5e-05,-172.49,6.5e-05,-172.49,105.60000000000001,-5.75,105.06867552729628,-10.579859306235257,0.009422050362224543,0.0009487505834476922,3.0881130068276567e-06
2026-05-18T16:40:36,3,10.6,0.274431322,1.6,0.272634618,1.598,104.5639552591273,0.007055,-179.36,0.007055,-179.36,7.2e-05,-162.96,7.2e-05,-162.96,97.9861111111111,-16.400000000000006,93.99944569972368,-27.665541361479086,0.009790305622520786,0.0028814436417699666,4.385794298732519e-06
2026-05-18T16:40:38,3,10.6,0.274431322,1.6,0.275097806,1.599,223.60679774997897,0.007054,-179.72,0.007054,-179.72,7.5e-05,-148.32,7.5e-05,-148.32,94.05333333333334,-31.400000000000006,80.2792976530688,-49.00269257337902,0.009075178593088963,0.005539512671965301,3.942817628689705e-06
2026-05-18T16:40:41,3,10.6,0.274431322,1.6,0.274645842,1.598,478.17624989501854,0.007053,-177.98,0.007053,-177.98,0.000105,-123.84,0.000105,-123.84,67.17142857142858,-54.139999999999986,39.34947278065345,-54.43913856970134,0.008721069517157141,0.012065409734128386,4.015819689993366e-06
2026-05-18T16:40:44,3,10.6,0.274431322,1.6,0.275082466,1.599,1022.5651825635733,0.007051,178.6,0.007051,178.60000000000002,0.000182,-106.4,0.000182,-106.4,38.74175824175824,-75.0,10.02710487372458,-37.42166484156165,0.0066806220690198235,0.024932420987747898,3.880552664134439e-06
2026-05-18T16:40:46,3,10.6,0.274431322,1.6,0.275184971,1.599,2186.7241478865553,0.006704,176.24,0.006704,176.24,0.000528,-130.79,0.000528,-130.79,12.696969696969695,-52.97000000000003,7.64653548739698,-10.1362485430136,0.04743124694992233,0.0628748677857942,4.576181231651932e-06
2026-05-18T16:40:49,3,10.6,0.274431322,1.6,0.27485771,1.6,4676.242239113106,0.007048,171.5,0.007048,171.5,0.000843,-102.68,0.000843,-102.68,8.360616844602609,-85.82,0.6094058989448594,-8.338377448435882,0.008718263927346936,0.11929023898057058,4.06001875556646e-06
2026-05-18T16:40:51,3,10.6,0.274431322,1.6,0.275307646,1.599,10000.0,0.007048,160.77,0.007048,160.76999999999998,0.001819,-111.75,0.001819,-111.75,3.8746564046179217,-87.48000000000002,0.17036135123931292,-3.8709093587748336,0.011347617369494304,0.2578378133058327,4.103616250362854e-06
2026-05-18T16:40:55,4,10.7,0.373759169,1.6,0.382242564,1.596,5.000000000000001,0.006903,-175.97,0.006903,-175.97,2.8e-05,-149.35,2.8e-05,-149.35,246.5357142857143,-26.620000000000005,220.40240713872404,-110.46554823031244,0.0036262408777201034,0.0018174696536793894,5.785185586051798e-05
2026-05-18T16:40:58,4,10.7,0.373759169,1.6,0.375012734,1.598,10.69234599991188,0.006949,-176.51,0.006949,-176.51,0.000206,-173.71,0.000206,-173.71,33.73300970873787,-2.799999999999983,33.69273712808556,-1.647849758785022,0.029609161648055174,0.0014481295982006434,2.155532413496646e-05
2026-05-18T16:41:00,4,10.7,0.373759169,1.6,0.364600138,1.595,22.865252596366325,0.006944,-178.66,0.006944,-178.66,0.000187,-176.47,0.000187,-176.47,37.13368983957219,-2.1899999999999977,37.106567434383635,-1.4190047001637993,0.0269100540626228,0.0010290764098309,7.162947216680942e-06
2026-05-18T16:41:03,4,10.7,0.373759169,1.6,0.373833693,1.597,48.89663842714645,0.006926,-177.33,0.006926,-177.33,0.00019,-175.64,0.00019,-175.64,36.45263157894737,-1.6900000000000261,36.43677550919009,-1.0750532653575156,0.027420929006640858,0.0008090441279660073,2.6333788229044212e-06
2026-05-18T16:41:06,4,10.7,0.373759169,1.6,0.373354019,1.597,104.5639552591273,0.006925,-179.47,0.006925,-179.47,0.000191,-170.39,0.000191,-170.39,36.2565445026178,-9.080000000000013,35.802212081939345,-5.721768023097498,0.02723560581185689,0.004352686869384351,6.625147540344567e-06
2026-05-18T16:41:08,4,10.7,0.373759169,1.6,0.373137518,1.597,223.60679774997897,0.006923,-179.9,0.006923,-179.9,0.000196,-160.1,0.000196,-160.1,35.32142857142858,-19.80000000000001,33.233252874847466,-11.964707254378338,0.02663767596634814,0.009590153454871754,6.825912014800548e-06
2026-05-18T16:41:11,4,10.7,0.373759169,1.6,0.372404199,1.596,478.17624989501854,0.006923,-177.83,0.006923,-177.83,0.000229,-139.59,0.000229,-139.59,30.231441048034934,-38.24000000000001,23.744528714399113,-18.71195831472183,0.02598040132950047,0.020473945493917078,6.814494928734615e-06
2026-05-18T16:41:13,4,10.7,0.373759169,1.6,0.373857529,1.597,1022.5651825635733,0.006915,177.46,0.006915,177.46000000000004,0.000335,-122.1,0.000335,-122.1,20.64179104477612,-60.43999999999994,10.183312293904494,-17.955046317428792,0.023899802261286216,0.04213973255397916,6.558747403977136e-06
2026-05-18T16:41:16,4,10.7,0.373759169,1.6,0.37395165,1.598,2186.7241478865553,0.006552,173.41,0.006552,173.40999999999997,0.000603,-131.84,0.000603,-131.84,10.865671641791044,-54.75,6.271070124583672,-8.873358987428391,0.05311638424793222,0.07515794532394574,5.470172596985894e-06
2026-05-18T16:41:19,4,10.7,0.373759169,1.6,0.373344361,1.597,4676.242239113106,0.006781,166.96,0.006781,166.96000000000004,0.001373,-114.09,0.001373,-114.09,4.938820101966496,-78.94999999999993,0.9466016906141806,-4.847255846240708,0.03880796424549662,0.19872363786676916,6.76351815377695e-06
2026-05-18T16:41:21,4,10.7,0.373759169,1.6,0.374242195,1.597,10000.0,0.006368,152.22,0.006368,152.22000000000003,0.002657,-127.94,0.002657,-127.94,2.396687993978171,-79.83999999999997,0.4227700078509637,-2.3591055213662666,0.07360056858065078,0.410699681836274,6.536488449051171e-06
2026-05-18T16:41:25,5,10.8,0.466415858,1.588,0.472328581,1.59,5.000000000000001,0.003958,-165.97,0.003958,-165.97,0.000165,-165.68,0.000165,-165.68,23.987878787878785,-0.28999999999999204,23.987571523897277,-0.12141304656979227,0.04168718708759456,0.00021099961628827014,6.716326384554276e-06
2026-05-18T16:41:27,5,10.8,0.466415858,1.588,0.472248282,1.592,10.69234599991188,0.005881,-177.5,0.005881,-177.5,0.001124,-175.41,0.001124,-175.41,5.23220640569395,-2.0900000000000034,5.228725806435062,-0.1908148655236741,0.19099681790155035,0.0069701555354998,0.00010375035633931714
2026-05-18T16:41:30,5,10.8,0.466415858,1.588,0.463698507,1.592,22.865252596366325,0.005848,-178.67,0.005848,-178.67,0.001168,-175.73,0.001168,-175.73,5.006849315068493,-2.9399999999999977,5.000259266303455,-0.2568021291739608,0.199463520954045,0.010244000189894374,7.130396921637768e-05
2026-05-18T16:41:33,5,10.8,0.466415858,1.588,0.467247889,1.592,48.89663842714645,0.005922,178.29,0.005922,178.28999999999996,0.00116,-173.87,0.00116,-173.87,5.105172413793103,-7.840000000000032,5.057453610126447,-0.6963823346216326,0.19404885308475867,0.02671941331725549,8.696971494866014e-05
2026-05-18T16:41:35,5,10.8,0.466415858,1.588,0.466754235,1.591,104.5639552591273,0.005912,178.45,0.005912,178.45,0.00118,-168.52,0.00118,-168.52,5.010169491525423,-13.029999999999973,4.881168384601126,-1.129598838075958,0.19445492787766494,0.045000713616378175,6.849478863878551e-05
2026-05-18T16:41:38,5,10.8,0.466415858,1.588,0.466910518,1.592,223.60679774997897,0.005868,175.47,0.005868,175.47000000000003,0.001291,-158.0,0.001291,-158.0,4.545313710302091,-26.529999999999973,4.066694950650492,-2.030238632135138,0.19684023311318427,0.09826963922163608,6.994464835308008e-05
2026-05-18T16:41:41,5,10.8,0.466415858,1.588,0.466795159,1.592,478.17624989501854,0.005764,173.59,0.005764,173.59000000000003,0.001664,-139.86,0.001664,-139.86,3.463942307692308,-46.549999999999955,2.3822269246855274,-2.5147348151095468,0.19853717066439738,0.20958051056744448,6.975623368968055e-05
2026-05-18T16:41:43,5,10.8,0.466415858,1.588,0.466499761,1.588,1022.5651825635733,0.003465,150.89,0.003465,150.89,0.00261,-135.04,0.00261,-135.04,1.3275862068965518,-74.07000000000005,0.3643729581372622,-1.276603886928234,0.20673817358302413,0.7243203703198817,0.00011273527525116413
2026-05-18T16:41:46,5,10.8,0.466415858,1.588,0.466989822,1.586,2186.7241478865553,0.004461,144.13,0.004461,144.13,0.003657,-145.71,0.003657,-145.71,1.2198523379819524,-70.15999999999997,0.4140114138229716,-1.1474468509278934,0.2782260489794298,0.7711130492746886,5.612342717911846e-05
2026-05-18T16:41:48,5,10.8,0.466415858,1.588,0.467372802,1.591,4676.242239113106,0.002736,124.99,0.002736,124.99000000000001,0.004989,-163.47,0.004989,-163.47,0.5484064942874324,-71.53999999999996,0.17364881670867904,-0.5201882077020847,0.5773865328468911,1.7296384240661145,5.886788811950161e-05
2026-05-18T16:41:51,5,10.8,0.466415858,1.588,0.466387919,1.592,10000.0,0.001512,116.25,0.001512,116.25,0.005441,179.92,0.005441,179.91999999999996,0.27789009373276974,-63.66999999999996,0.12325551925167247,-0.24906019587402592,1.5961005421492567,3.2252114637611964,5.133083469742417e-05
2026-05-18T16:41:55,6,10.9,0.529972649,1.554,0.530996187,1.551,5.000000000000001,0.003108,-178.78,0.003108,-178.78,0.001803,-173.81,0.001803,-173.81,1.723793677204659,-4.969999999999999,1.717312551141243,-0.1493393560435935,0.5779347083980264,0.05025782705078749,0.00159975632083808
2026-05-18T16:41:57,6,10.9,0.529972649,1.554,0.533846329,1.558,10.69234599991188,0.003011,-178.61,0.003011,-178.61,0.003857,-176.91,0.003857,-176.91,0.7806585429089965,-1.700000000000017,0.7803149439511187,-0.02315920688106543,1.2804059715976306,0.038001562084448146,0.0005656510227973651
2026-05-18T16:42:00,6,10.9,0.529972649,1.554,0.529623674,1.551,22.865252596366325,0.003059,178.36,0.003059,178.36,0.003869,-177.2,0.003869,-177.2,0.7906435771517188,-4.440000000000055,0.7882708156673234,-0.061207738550274164,1.260996709619339,0.09791401049117389,0.0006815362612743891
2026-05-18T16:42:02,6,10.9,0.529972649,1.554,0.530259053,1.561,48.89663842714645,0.003112,176.29,0.003112,176.28999999999996,0.00388,-175.7,0.00388,-175.7,0.8020618556701031,-8.009999999999991,0.794236750414793,-0.11176405778030354,1.2346226869788046,0.17373464681948905,0.0005654934309818562
2026-05-18T16:42:05,6,10.9,0.529972649,1.554,0.530317939,1.552,104.5639552591273,0.002975,170.44,0.002975,170.44,0.003979,-172.65,0.003979,-172.65,0.7476752953003268,-16.909999999999968,0.7153479332325051,-0.21747570352205872,1.279650188249482,0.3890314237634614,0.0005921378352281496
2026-05-18T16:42:08,6,10.9,0.529972649,1.554,0.530021123,1.554,223.60679774997897,0.002833,159.57,0.002833,159.57,0.004304,-167.92,0.004304,-167.92,0.658224907063197,-32.50999999999999,0.5550795215733112,-0.353760869809393,1.2811694717812558,0.816509363245746,0.0005811607811077318
2026-05-18T16:42:10,6,10.9,0.529972649,1.554,0.530399866,1.557,478.17624989501854,0.002278,142.36,0.002278,142.36,0.005086,-161.74,0.005086,-161.74,0.4478961856075501,-55.89999999999998,0.25110806716772816,-0.3708850653303267,1.2517163855788627,1.848777375719932,0.0006153422678079242
2026-05-18T16:42:13,6,10.9,0.529972649,1.554,0.529782119,1.563,1022.5651825635733,0.001441,122.53,0.001441,122.52999999999997,0.005583,-166.26,0.005583,-166.26,0.2581049614902382,-71.21000000000004,0.08313572911069952,-0.2443493844704949,1.247943731878391,3.667908924359843,0.0005708837403002942
2026-05-18T16:42:15,6,10.9,0.529972649,1.554,0.530581805,1.547,2186.7241478865553,0.000773,112.97,0.000773,112.97000000000003,0.004608,-177.11,0.004608,-177.11,0.1677517361111111,-69.91999999999996,0.057594516906121766,-0.15755480503825428,2.046666555475816,5.598834185065157,0.00040749636252301153
2026-05-18T16:42:18,6,10.9,0.529972649,1.554,0.530379855,1.558,4676.242239113106,0.00036,113.51,0.00036,113.50999999999999,0.006205,177.32,0.006205,177.32,0.058017727639000816,-63.81,0.02560608028661354,-0.0520613616105916,7.6071446245926015,15.466572887847509,0.0005264016280428801
2026-05-18T16:42:21,6,10.9,0.529972649,1.554,0.530548164,1.554,10000.0,0.000181,129.99,0.000181,129.99,0.006079,169.31,0.006079,169.31,0.029774633985852936,-39.31999999999999,0.02303422468210191,-0.018866725266615716,25.982488023886397,21.28156992714833,0.00033870670506614835
2026-05-18T16:42:24,7,11.0,0.561133344,1.487,0.563013991,1.484,5.000000000000001,0.001527,-175.8,0.001527,-175.8,0.000287,-165.22,0.000287,-165.22,5.320557491289199,-10.580000000000013,5.230105355781644,-0.9768981449146966,0.1847549814109522,0.03450920895973701,0.0010984622376266535
2026-05-18T16:42:27,7,11.0,0.561133344,1.487,0.562293058,1.498,10.69234599991188,0.001534,-178.41,0.001534,-178.41,0.005226,-177.29,0.005226,-177.29,0.2935323383084577,-1.1200000000000045,0.29347625896636864,-0.005737513044499728,3.4061287958920596,0.06659042358828886,0.0009911945495166973
2026-05-18T16:42:30,7,11.0,0.561133344,1.487,0.559464377,1.487,22.865252596366325,0.00154,178.66,0.00154,178.65999999999997,0.005236,-177.82,0.005236,-177.82,0.2941176470588235,-3.519999999999982,0.2935627728388478,-0.018057926641386807,3.3935856540170812,0.20874963197443155,0.0014530141601245435
2026-05-18T16:42:32,7,11.0,0.561133344,1.487,0.561286422,1.489,48.89663842714645,0.001594,174.13,0.001594,174.13,0.005265,-177.37,0.005265,-177.37,0.30275403608736945,-8.5,0.29942854438725464,-0.04474989579118696,3.2667305649940346,0.4882161540761604,0.0015891074870986776
2026-05-18T16:42:35,7,11.0,0.561133344,1.487,0.561328145,1.491,104.5639552591273,0.001506,166.35,0.001506,166.35000000000002,0.005335,-176.15,0.005335,-176.15,0.28228678537956886,-17.5,0.2692216921887216,-0.08488527348705441,3.378539131634655,1.0652492963846594,0.0016213970743994314
2026-05-18T16:42:37,7,11.0,0.561133344,1.487,0.561635376,1.498,223.60679774997897,0.001346,152.11,0.001346,152.11,0.005564,-174.42,0.005564,-174.42,0.24191229331416245,-33.47000000000003,0.20179711501043418,-0.13341469945243273,3.4482526284561517,2.2797530481927417,0.001622642827944728
2026-05-18T16:42:40,7,11.0,0.561133344,1.487,0.561251927,1.482,478.17624989501854,0.000976,135.04,0.000976,135.03999999999996,0.005971,-171.78,0.005971,-171.78,0.16345670741919277,-53.180000000000064,0.09796010656714653,-0.13085072686720883,3.666433023487397,4.897457168489469,0.0016300569447291915
2026-05-18T16:42:43,7,11.0,0.561133344,1.487,0.561639551,1.499,1022.5651825635733,0.00055,117.96,0.00055,117.95999999999998,0.005835,-175.59,0.005835,-175.59,0.09425878320479864,-66.45000000000005,0.03766102169373874,-0.08640813420178085,4.238853815988773,9.725478304126373,0.0015137010064768801
2026-05-18T16:42:45,7,11.0,0.561133344,1.487,0.5617436,1.499,2186.7241478865553,0.000277,114.21,0.000277,114.20999999999998,0.005919,179.27,0.005919,179.26999999999998,0.04679844568339247,-65.06,0.019733451307525608,-0.042434483829486495,9.010319482516854,19.37564039968797,0.001410204825405965
2026-05-18T16:42:48,7,11.0,0.561133344,1.487,0.561739186,1.498,4676.242239113106,0.000132,130.25,0.000132,130.25,0.005966,175.42,0.005966,175.41999999999996,0.022125377137110293,-45.16999999999996,0.015598515751223155,-0.01569135493888931,31.864118715664766,32.05376745817594,0.0010909433846297899
2026-05-18T16:42:50,7,11.0,0.561133344,1.487,0.561834663,1.496,10000.0,9.1e-05,164.36,9.1e-05,164.36,0.00593,168.4,0.00593,168.39999999999998,0.015345699831365935,-4.039999999999964,0.01530756742397335,-0.0010811488680539884,65.00290758450434,4.591050818769676,7.306884317932873e-05
2026-05-18T16:42:54,8,11.1,0.579138682,1.412,0.580142923,1.405,5.000000000000001,0.000977,-172.02,0.000977,-172.02,0.002622,-171.75,0.002622,-171.75,0.3726163234172387,-0.27000000000001023,0.37261218615222624,-0.0017559065575774248,2.683695892720873,0.012646712565238059,0.0004025573637240041
2026-05-18T16:42:57,8,11.1,0.579138682,1.412,0.580434359,1.42,10.69234599991188,0.000978,-178.31,0.000978,-178.31,0.005769,-177.52,0.005769,-177.52,0.16952678107124283,-0.789999999999992,0.1695106668115792,-0.002337378332850847,5.898212302042571,0.08133030148877263,0.0012105967675568089
2026-05-18T16:42:59,8,11.1,0.579138682,1.412,0.578471644,1.407,22.865252596366325,0.000987,178.22,0.000987,178.22000000000003,0.005771,-178.2,0.005771,-178.2,0.17102755155085775,-3.5799999999999272,0.17069380593262862,-0.010679326089010628,5.8356012034345985,0.36509988066877014,0.0025412993136988194
2026-05-18T16:43:02,8,11.1,0.579138682,1.412,0.579452731,1.414,48.89663842714645,0.001008,175.12,0.001008,175.12,0.005794,-178.1,0.005794,-178.1,0.17397307559544356,-6.779999999999973,0.17275644332409543,-0.020538800406706397,5.707818724213409,0.6785955260398077,0.0022087782678598187
2026-05-18T16:43:05,8,11.1,0.579138682,1.412,0.57950585,1.419,104.5639552591273,0.000953,165.36,0.000953,165.36,0.005835,-177.61,0.005835,-177.61,0.163324764353042,-17.029999999999973,0.15616322486079107,-0.04783331320381958,5.854296151613722,1.7931903087790544,0.0027293831879198808
2026-05-18T16:43:07,8,11.1,0.579138682,1.412,0.579593033,1.423,223.60679774997897,0.000837,150.53,0.000837,150.52999999999997,0.005976,-176.9,0.005976,-176.9,0.14006024096385541,-32.57000000000005,0.11803358050444866,-0.07539857407241252,6.016942248825229,3.8435576036802397,0.0027357003357658775
2026-05-18T16:43:10,8,11.1,0.579138682,1.412,0.579692543,1.407,478.17624989501854,0.000586,134.45,0.000586,134.45,0.006193,-174.12,0.006193,-174.12,0.09462296140804134,-51.43000000000001,0.05899460689725422,-0.07398068114491867,6.588995934686218,8.262762190417684,0.0027501563419063714
2026-05-18T16:43:12,8,11.1,0.579138682,1.412,0.57971832,1.407,1022.5651825635733,0.000322,119.95,0.000322,119.94999999999999,0.006018,-178.97,0.006018,-178.97,0.05350614822200067,-61.08000000000004,0.025874928454835796,-0.04683370554431748,9.037988430202851,16.358788763103256,0.0025461282459440376
2026-05-18T16:43:15,8,11.1,0.579138682,1.412,0.579610119,1.421,2186.7241478865553,0.000152,124.16,0.000152,124.15999999999997,0.004728,177.95,0.004728,177.95,0.032148900169204735,-53.79000000000002,0.018991850246334725,-0.025939572207542047,18.37532533487546,25.09750615020082,0.0018266557155570998
2026-05-18T16:43:18,8,11.1,0.579138682,1.412,0.579906236,1.422,4676.242239113106,8.7e-05,147.13,8.7e-05,147.13,0.006252,174.96,0.006252,174.96000000000004,0.013915547024952016,-27.83000000000004,0.012306028301527258,-0.006496469537037873,63.55026165412337,33.548788349167125,0.0011418261132525108
2026-05-18T16:43:20,8,11.1,0.579138682,1.412,0.579922636,1.411,10000.0,8.1e-05,-180.0,8.1e-05,-180.0,0.00609,168.23,0.00609,168.23000000000002,0.013300492610837438,11.769999999999982,0.013020840821856882,0.00271308090237035,73.6043661766667,-15.336536475415603,-0.00024408855899715474
2026-05-18T16:43:24,9,11.2,0.591851107,1.334,0.59114959,1.339,5.000000000000001,0.000768,-179.14,0.000768,-179.14,0.001271,-172.31,0.001271,-172.31,0.6042486231313926,-6.829999999999984,0.5999604977435447,-0.07185958324052427,1.6432033732695341,0.19681280688757288,0.006264746215989569
2026-05-18T16:43:26,9,11.2,0.591851107,1.334,0.591444392,1.324,10.69234599991188,0.000725,179.31,0.000725,179.31,0.006032,-177.52,0.006032,-177.52,0.12019230769230768,-3.169999999999959,0.12000839608031404,-0.006646480168693049,8.307269196829932,0.46008530882933785,0.006848342837460911
2026-05-18T16:43:29,9,11.2,0.591851107,1.334,0.592685362,1.334,22.865252596366325,0.00074,178.2,0.00074,178.2,0.006037,-178.24,0.006037,-178.24,0.12257743912539341,-3.5599999999999454,0.12234090404758168,-0.007611292883600066,8.142365580364697,0.5065675268624515,0.0035259932323165304
2026-05-18T16:43:32,9,11.2,0.591851107,1.334,0.592012458,1.332,48.89663842714645,0.000738,172.8,0.000738,172.8,0.006048,-178.48,0.006048,-178.48,0.12202380952380952,-8.720000000000027,0.12061333955540757,-0.018499524642403762,8.100394754578996,1.2424285151866836,0.00404401296266829
2026-05-18T16:43:34,9,11.2,0.591851107,1.334,0.592101101,1.331,104.5639552591273,0.00069,165.39,0.00069,165.39,0.006071,-178.33,0.006071,-178.33,0.11365508153516718,-16.279999999999973,0.10909787699172149,-0.03186111728525391,8.445757036960378,2.466512300122689,0.0037542346575228703
2026-05-18T16:43:37,9,11.2,0.591851107,1.334,0.592129613,1.33,223.60679774997897,0.000607,150.74,0.000607,150.74,0.006155,-178.06,0.006155,-178.06,0.09861900893582454,-31.19999999999999,0.08435517561615395,-0.05108731026636716,8.673421781363954,5.252810943478773,0.003738754077220033
2026-05-18T16:43:39,9,11.2,0.591851107,1.334,0.592153901,1.34,478.17624989501854,0.000418,136.7,0.000418,136.7,0.006277,-174.63,0.006277,-174.63,0.06659232117253466,-48.670000000000016,0.04397723184209959,-0.050005402894609606,9.916983322158009,11.276352006515005,0.0037531917619812592
2026-05-18T16:43:42,9,11.2,0.591851107,1.334,0.592238736,1.328,1022.5651825635733,0.000167,119.63,0.000167,119.63,0.006193,-177.95,0.006193,-177.95,0.02696592927498789,-62.420000000000016,0.01248486562305596,-0.02390166253710993,17.169319802524488,32.869820172819,0.005115951968881556
2026-05-18T16:43:45,9,11.2,0.591851107,1.334,0.592311645,1.34,2186.7241478865553,0.000114,133.58,0.000114,133.58000000000004,0.004529,173.98,0.004529,173.98000000000002,0.025171119452417755,-40.39999999999998,0.019168771706599256,-0.01631390344914924,30.254447323104216,25.748552911534368,0.0018740404350016389
2026-05-18T16:43:47,9,11.2,0.591851107,1.334,0.592296012,1.336,4676.242239113106,7.3e-05,159.58,7.3e-05,159.58000000000004,0.006003,175.16,0.006003,175.15999999999997,0.012160586373479927,-15.579999999999927,0.011713762394718578,-0.003266134030768267,79.2113430437118,22.086401825477864,0.0007517061447837542
2026-05-18T16:43:50,9,11.2,0.591851107,1.334,0.592375979,1.333,10000.0,7.8e-05,-172.29,7.8e-05,-172.29,0.005947,168.11,0.005947,168.11,0.013115856734487976,19.600000000000023,0.012355890586414852,0.00439973473020345,71.82584194520581,-25.576031862881656,-0.0004070551895653432
2026-05-18T16:43:54,10,11.3,0.601350918,1.245,0.6015194,1.25,5.000000000000001,0.000532,-178.38,0.000532,-178.38,0.001442,-26.91,0.001442,-26.909999999999997,0.3689320388349515,-151.47,-0.3241315708121071,-0.17620889331072426,-2.3813793869429656,1.2945984412281668,0.04120834824810505
2026-05-18T16:43:56,10,11.3,0.601350918,1.245,0.600832717,1.246,10.69234599991188,0.00059,179.42,0.00059,179.41999999999996,0.006142,-177.03,0.006142,-177.03,0.09605991533702378,-3.550000000000068,0.0958755901408405,-0.0059479870293859885,10.390193869778367,0.6445930427073536,0.009594729634671941
2026-05-18T16:43:59,10,11.3,0.601350918,1.245,0.601192035,1.249,22.865252596366325,0.000537,-179.13,0.000537,-179.13,0.006184,-178.43,0.006184,-178.43,0.08683699870633894,-0.6999999999999886,0.08683051803164016,-0.001060887685725683,11.514969247635447,0.14068888857573048,0.0009792733301573389
2026-05-18T16:44:01,10,11.3,0.601350918,1.245,0.601528393,1.247,48.89663842714645,0.000572,175.47,0.000572,175.47000000000003,0.006181,-178.68,0.006181,-178.68,0.09254165992557839,-5.849999999999909,0.09205971607955148,-0.009432258326285022,10.749668231169986,1.1013899672538365,0.0035849429162997507
2026-05-18T16:44:04,10,11.3,0.601350918,1.245,0.601570097,1.249,104.5639552591273,0.000542,165.85,0.000542,165.85000000000002,0.006202,-178.75,0.006202,-178.75,0.0873911641405998,-15.399999999999977,0.08425341971862105,-0.02320725825183008,11.031955160627216,3.0387067170722983,0.004625161638445066
2026-05-18T16:44:07,10,11.3,0.601350918,1.245,0.601651397,1.251,223.60679774997897,0.000476,151.66,0.000476,151.65999999999997,0.006251,-178.72,0.006251,-178.72,0.07614781634938411,-29.620000000000005,0.06619700690289818,-0.03763570395086536,11.416249342065143,6.490604342541872,0.004619769055162177
2026-05-18T16:44:09,10,11.3,0.601350918,1.245,0.601683347,1.24,478.17624989501854,0.000331,135.31,0.000331,135.31,0.006316,-176.34,0.006316,-176.34,0.05240658644711843,-48.35000000000002,0.03482829253478423,-0.039159166770384564,12.681202531224498,14.258101348875657,0.004745629481340791
2026-05-18T16:44:12,10,11.3,0.601350918,1.245,0.601738749,1.249,1022.5651825635733,0.000182,126.62,0.000182,126.62,0.006021,-177.59,0.006021,-177.59,0.03022753695399435,-55.789999999999964,0.016994759245805284,-0.02499764285852188,18.599852278340798,27.35857906254184,0.004258166782930985
2026-05-18T16:44:14,10,11.3,0.601350918,1.245,0.601675995,1.254,2186.7241478865553,9.9e-05,137.46,9.9e-05,137.46000000000004,0.006188,178.08,0.006188,178.08000000000004,0.015998707175177762,-40.620000000000005,0.012143724257372476,-0.010415785733106636,47.44408968270524,40.693238907935765,0.0029617499440324525
2026-05-18T16:44:17,10,11.3,0.601350918,1.245,0.601837277,1.248,4676.242239113106,6.8e-05,167.29,6.8e-05,167.28999999999996,0.006242,174.67,0.006242,174.66999999999996,0.010893944248638257,-7.3799999999999955,0.010803699469323658,-0.0013993209313714497,91.03370069426667,11.790902107504264,0.00040130092881541173
2026-05-18T16:44:20,10,11.3,0.601350918,1.245,0.601892588,1.252,10000.0,7.7e-05,-168.04,7.7e-05,-168.04,0.006069,168.08,0.006069,168.08000000000004,0.012687427912341408,23.879999999999995,0.011601324713804099,0.005136155363278853,72.07097663466682,-31.9073676765927,-0.0005078215286780292
2026-05-18T16:44:23,11,11.4,0.60912062,1.163,0.608740383,1.158,5.000000000000001,0.000466,-177.06,0.000466,-177.06,0.00469,-174.93,0.00469,-174.93,0.09936034115138594,-2.1299999999999955,0.09929169013002566,-0.003692920909356694,10.05742390387121,0.3740622299835176,0.011906770585170841
2026-05-18T16:44:26,11,11.4,0.60912062,1.163,0.609748888,1.155,10.69234599991188,0.000446,-178.78,0.000446,-178.78,0.006274,-177.68,0.006274,-177.68,0.07108702582084794,-1.0999999999999943,0.0710739253436808,-0.0013646890835609733,14.064672147648421,0.2700555013803864,0.004019760299021644
2026-05-18T16:44:29,11,11.4,0.60912062,1.163,0.609415068,1.157,22.865252596366325,0.000479,176.05,0.000479,176.05,0.006276,-178.6,0.006276,-178.6,0.07632249840662841,-5.350000000000023,0.07599001550872711,-0.007116270512930972,13.045219054573826,1.2216513850050141,0.008503376721475915
2026-05-18T16:44:31,11,11.4,0.60912062,1.163,0.609303364,1.157,48.89663842714645,0.000449,174.94,0.000449,174.94,0.006277,-178.83,0.006277,-178.83,0.07153098613987574,-6.230000000000018,0.07110854411923247,-0.007762533825128554,13.89739374520177,1.5171030480861878,0.004938058260230982
2026-05-18T16:44:34,11,11.4,0.60912062,1.163,0.609369157,1.151,104.5639552591273,0.000447,166.35,0.000447,166.35000000000002,0.006287,-179.03,0.006287,-179.03,0.07109909336726579,-14.620000000000005,0.06879698454859623,-0.01794591860751043,13.609472032566666,3.550075326558981,0.005403506735855968
2026-05-18T16:44:36,11,11.4,0.60912062,1.163,0.609356691,1.164,223.60679774997897,0.000393,152.75,0.000393,152.75,0.006313,-179.14,0.006313,-179.14,0.06225249485189292,-28.110000000000014,0.054909479753196426,-0.02933124866960605,14.168824038291072,7.56862572894464,0.005387064299006323
2026-05-18T16:44:39,11,11.4,0.60912062,1.163,0.609431181,1.159,478.17624989501854,0.000276,138.16,0.000276,138.15999999999997,0.006348,-176.48,0.006348,-176.48,0.043478260869565216,-45.360000000000014,0.03054999868690648,-0.030936333791708067,16.160949305373528,16.365320575813566,0.005446990864761822
2026-05-18T16:44:42,11,11.4,0.60912062,1.163,0.609451114,1.151,1022.5651825635733,0.000153,129.71,0.000153,129.71000000000004,0.005856,-179.45,0.005856,-179.45,0.02612704918032787,-50.839999999999975,0.01649892156968845,-0.02025853612452145,24.169898828400676,29.67750143383643,0.004619090432915487
2026-05-18T16:44:44,11,11.4,0.60912062,1.163,0.609504942,1.165,2186.7241478865553,8.2e-05,145.35,8.2e-05,145.35000000000002,0.003823,176.72,0.003823,176.72000000000003,0.021449123724823438,-31.370000000000005,0.018313765467369184,-0.011165612520994073,39.80691664700169,24.26964611553358,0.0017664021088857405
2026-05-18T16:44:47,11,11.4,0.60912062,1.163,0.609539965,1.152,4676.242239113106,6.4e-05,172.0,6.4e-05,172.0,0.006137,174.53,0.006137,174.52999999999997,0.010428548150562163,-2.5299999999999727,0.010418382877134405,-0.00046034199680903523,95.79715518922573,4.232850167680038,0.00014406418510975295
2026-05-18T16:44:49,11,11.4,0.60912062,1.163,0.609573758,1.155,10000.0,7.6e-05,-165.24,7.6e-05,-165.24,0.006005,168.03,0.006005,168.02999999999997,0.012656119900083265,26.730000000000018,0.011303636341044601,0.0056925544700687294,70.56949602648488,-35.539067954387136,-0.0005656218337819486
2026-05-18T16:44:53,12,11.5,0.615618589,1.075,0.615595715,1.063,5.000000000000001,0.000397,-178.77,0.000397,-178.77,0.003851,-174.26,0.003851,-174.26,0.10309010646585302,-4.510000000000019,0.10277090082237225,-0.00810629356111888,9.67021627030719,0.7627607742984142,0.02427942952523882
2026-05-18T16:44:56,12,11.5,0.615618589,1.075,0.616240767,1.072,10.69234599991188,0.000377,-177.01,0.000377,-177.01,0.006334,-177.71,0.006334,-177.71,0.059520050520997785,0.700000000000017,0.059515608519417486,0.0007271565069290013,16.79980713906977,-0.2052585763672612,-0.003055261870605771
2026-05-18T16:44:58,12,11.5,0.615618589,1.075,0.615585727,1.065,22.865252596366325,0.000417,175.01,0.000417,175.01,0.006341,-178.47,0.006341,-178.47,0.0657624980287021,-6.519999999999982,0.06533716458979034,-0.007467333549647684,15.107885338172858,1.7266684245982296,0.012018577695449357
2026-05-18T16:45:01,12,11.5,0.615618589,1.075,0.615795375,1.076,48.89663842714645,0.000382,176.14,0.000382,176.14,0.00634,-178.9,0.00634,-178.9,0.06025236593059937,-4.960000000000036,0.06002673898670688,-0.005209434408514638,16.534708407212488,1.4349684884658518,0.004670716340975546
2026-05-18T16:45:04,12,11.5,0.615618589,1.075,0.615811925,1.074,104.5639552591273,0.000382,167.02,0.000382,167.01999999999998,0.006346,-179.24,0.006346,-179.24,0.06019539867633155,-13.740000000000009,0.05847281939970114,-0.014297391833912666,16.137172614402388,3.9457560337987574,0.0060057653276168275
2026-05-18T16:45:06,12,11.5,0.615618589,1.075,0.615861821,1.077,223.60679774997897,0.000338,153.86,0.000338,153.86,0.006353,-179.45,0.006353,-179.45,0.05320321108137887,-26.690000000000055,0.04753439807016673,-0.023896917572705578,16.793155479152993,8.44240525942018,0.00600898784000346
2026-05-18T16:45:09,12,11.5,0.615618589,1.075,0.615853546,1.08,478.17624989501854,0.000239,141.77,0.000239,141.76999999999998,0.00636,-176.53,0.00636,-176.53,0.037578616352201256,-41.700000000000045,0.02805762980600761,-0.02499843628339503,19.86869807253174,17.702364249379663,0.005892009014083353
2026-05-18T16:45:11,12,11.5,0.615618589,1.075,0.615920181,1.071,1022.5651825635733,0.000135,132.76,0.000135,132.76,0.006268,-178.63,0.006268,-178.63,0.021537970644543714,-48.610000000000014,0.0142404955940207,-0.016158355879293658,30.698385984672733,34.8327375536381,0.005421465993185756
2026-05-18T16:45:14,12,11.5,0.615618589,1.075,0.615959336,1.066,2186.7241478865553,7.4e-05,147.06,7.4e-05,147.06,0.005472,177.17,0.005472,177.16999999999996,0.013523391812865496,-30.109999999999957,0.011698597755305217,-0.0067841680907717245,63.96796670744868,37.095850942598645,0.0026999235598238846
2026-05-18T16:45:17,12,11.5,0.615618589,1.075,0.616021615,1.065,4676.242239113106,6.3e-05,176.82,6.3e-05,176.82,0.005593,174.36,0.005593,174.36,0.011264080100125157,2.4599999999999795,0.011253699464018035,0.000483475827312768,88.69596285837748,-3.810511748546894,-0.00012968998385464326
2026-05-18T16:45:19,12,11.5,0.615618589,1.075,0.616013617,1.066,10000.0,7.5e-05,-163.85,7.5e-05,-163.85,0.006032,168.01,0.006032,168.01,0.01243368700265252,28.139999999999986,0.010963998127690089,0.005864070048689597,70.9200595576816,-37.9314363483115,-0.0006036975593409367
2026-05-18T16:45:23,13,11.6,0.621271314,0.979,0.62134852,0.987,5.000000000000001,0.000346,-177.1,0.000346,-177.1,0.002124,-173.38,0.002124,-173.38,0.16290018832391714,-3.719999999999999,0.16255696275050588,-0.010569068894576851,6.1257942161910375,0.39828463825504135,0.012677793787171442
2026-05-18T16:45:25,13,11.6,0.621271314,0.979,0.621053179,0.976,10.69234599991188,0.000368,178.11,0.000368,178.11,0.006367,-177.62,0.006367,-177.62,0.05779802104601853,-4.269999999999982,0.05763758851282121,-0.0043034436516236904,17.253605531008038,1.2882204322882,0.01917508557919235
2026-05-18T16:45:28,13,11.6,0.621271314,0.979,0.621407208,0.984,22.865252596366325,0.000318,-176.89,0.000318,-176.89,0.006376,-178.65,0.006376,-178.65,0.04987452948557089,1.7600000000000193,0.049851000958680065,0.001531794641836645,20.040855642078846,-0.6158045916831856,-0.004286344282968492
2026-05-18T16:45:31,13,11.6,0.621271314,0.979,0.621532056,0.971,48.89663842714645,0.000329,175.38,0.000329,175.38,0.006373,-178.98,0.006373,-178.98,0.05162403891416915,-5.639999999999986,0.05137412858036957,-0.005073490555751999,19.27704714067957,1.9037192321038163,0.00619646535619957
2026-05-18T16:45:33,13,11.6,0.621271314,0.979,0.6215403,0.98,104.5639552591273,0.000333,167.72,0.000333,167.72000000000003,0.006378,-179.39,0.006378,-179.39,0.05221072436500471,-12.889999999999986,0.050895021621016,-0.011647167591943093,18.670496448690148,4.2726851121501,0.006503378283545557
2026-05-18T16:45:36,13,11.6,0.621271314,0.979,0.621486374,0.989,223.60679774997897,0.000296,154.99,0.000296,154.99,0.006374,-179.66,0.006374,-179.66,0.04643865704424223,-25.350000000000023,0.04196704464217501,-0.019882555974382127,19.460279923858096,9.219617634795657,0.006562178497076016
2026-05-18T16:45:38,13,11.6,0.621271314,0.979,0.621592478,0.98,478.17624989501854,0.000212,144.37,0.000212,144.37,0.006357,-177.71,0.006357,-177.71,0.03334906402391065,-37.91999999999996,0.02630806315640417,-0.020495020961920015,23.654925074176894,18.42812153694735,0.0061335681877703
2026-05-18T16:45:41,13,11.6,0.621271314,0.979,0.62161905,0.975,1022.5651825635733,0.000116,134.31,0.000116,134.31,0.006089,-178.59,0.006089,-178.59,0.01905074724913779,-47.10000000000002,0.012968241221749784,-0.013955489613949082,35.73197733699008,38.45218716134785,0.005984807388102862
2026-05-18T16:45:44,13,11.6,0.621271314,0.979,0.621690137,0.972,2186.7241478865553,7.2e-05,152.39,7.2e-05,152.39,0.006165,177.36,0.006165,177.36,0.01167883211678832,-24.970000000000027,0.010587199359955874,-0.004930144959803546,77.62154093242648,36.146051074434666,0.0026307948843517512
2026-05-18T16:45:46,13,11.6,0.621271314,0.979,0.621722918,0.987,4676.242239113106,6.2e-05,178.16,6.2e-05,178.15999999999997,0.006167,174.43,0.006167,174.43,0.010053510621047512,3.7299999999999613,0.01003221419353484,0.0006540291909029822,99.25703866616585,-6.470854732357448,-0.00022023421029608502
2026-05-18T16:45:49,13,11.6,0.621271314,0.979,0.621744924,0.986,10000.0,7.5e-05,-163.63,7.5e-05,-163.63,0.005993,168.1,0.005993,168.10000000000002,0.012514600367094944,28.269999999999982,0.011021927225216992,0.00592725422013544,70.37583614139155,-37.84596497881622,-0.0006023372402461359
2026-05-18T16:45:53,14,11.7,0.626358452,0.89,0.626067481,0.888,5.000000000000001,0.000308,-177.12,0.000308,-177.12,0.00084,-170.94,0.00084,-170.94,0.36666666666666664,-6.180000000000007,0.36453582084016245,-0.03947251915996014,2.7114234607945966,0.29359724995011677,0.00934549072154956
2026-05-18T16:45:55,14,11.7,0.626358452,0.89,0.626707466,0.886,10.69234599991188,0.000296,179.81,0.000296,179.81,0.006404,-177.67,0.006404,-177.67,0.0462211118051218,-2.519999999999982,0.046176412970756545,-0.002032255312630843,21.61421254621186,0.9512561814446109,0.014159392468676044
2026-05-18T16:45:58,14,11.7,0.626358452,0.89,0.626537934,0.887,22.865252596366325,0.000281,-176.13,0.000281,-176.13,0.006415,-178.66,0.006415,-178.66,0.04380358534684334,2.530000000000001,0.043760887608314626,0.001933598968411925,22.806928649042884,-1.007736728357739,-0.007014411101623991
2026-05-18T16:46:00,14,11.7,0.626358452,0.89,0.626475622,0.898,48.89663842714645,0.000306,177.61,0.000306,177.61,0.006409,-179.0,0.006409,-179.0,0.04774535809018568,-3.3899999999999864,0.047661811526316315,-0.002823285531071941,20.907795093900653,1.2384899668077898,0.0040311932788767045
2026-05-18T16:46:03,14,11.7,0.626358452,0.89,0.626505789,0.895,104.5639552591273,0.000298,168.18,0.000298,168.18,0.006411,-179.49,0.006411,-179.49,0.04648260801746997,-12.329999999999927,0.04541043544248563,-0.009925986148973238,21.01719201496782,4.594017978424883,0.006992473344255348
2026-05-18T16:46:06,14,11.7,0.626358452,0.89,0.626548597,0.889,223.60679774997897,0.000265,156.28,0.000265,156.27999999999997,0.006398,-179.92,0.006398,-179.92,0.04141919349796811,-23.800000000000068,0.03789689152550851,-0.016714520714814572,22.090233792087457,9.742953985141881,0.006934669708861106
2026-05-18T16:46:08,14,11.7,0.626358452,0.89,0.626578695,0.885,478.17624989501854,0.000191,147.02,0.000191,147.01999999999998,0.006364,-177.37,0.006364,-177.37,0.030012570710245132,-35.610000000000014,0.0244001944478872,-0.01747526570735789,27.088620861157242,19.40069978563595,0.0064572786101437084
2026-05-18T16:46:11,14,11.7,0.626358452,0.89,0.626597852,0.885,1022.5651825635733,0.000111,137.71,0.000111,137.71000000000004,0.005879,-178.87,0.005879,-178.87,0.018880762034359587,-43.41999999999996,0.013713754288072531,-0.012977523582120227,38.469569533387016,36.404308792943375,0.005666069794900803
2026-05-18T16:46:13,14,11.7,0.626358452,0.89,0.626625146,0.892,2186.7241478865553,7e-05,155.26,7e-05,155.26,0.005653,177.13,0.005653,177.13,0.012382805589952237,-21.870000000000005,0.011491632688047697,-0.004612618826821268,74.94516617490238,30.082190569591972,0.002189452809038693
2026-05-18T16:46:16,14,11.7,0.626358452,0.89,0.626658526,0.887,4676.242239113106,6e-05,-180.0,6e-05,-180.0,0.005727,174.35,0.005727,174.35000000000002,0.010476689366160294,5.649999999999977,0.01042579218327332,0.0010314443398521886,94.98629090862869,-9.397182525702185,-0.0003198311750389435
2026-05-18T16:46:19,14,11.7,0.626358452,0.89,0.626688237,0.887,10000.0,7.3e-05,-161.69,7.3e-05,-161.69,0.005978,168.15,0.005978,168.14999999999998,0.012211441953830712,30.160000000000025,0.010558327346915362,0.006135229272582733,70.80455926061236,-41.14308927303143,-0.0006548126031874086
2026-05-18T16:46:22,15,11.8,0.630803292,0.798,0.631164792,0.799,5.000000000000001,0.00028,-177.44,0.00028,-177.44,0.003168,-172.45,0.003168,-172.45,0.08838383838383838,-4.990000000000009,0.08804885430881813,-0.007687791774299236,11.271403377380915,0.9841377590844969,0.03132607780833569
2026-05-18T16:46:25,15,11.8,0.630803292,0.798,0.630727343,0.808,10.69234599991188,0.000284,-176.44,0.000284,-176.44,0.00643,-177.68,0.00643,-177.68,0.04416796267496112,1.240000000000009,0.04415761938914602,0.0009558120840802182,22.635543020758572,-0.48995679224221644,-0.007292978116069214
2026-05-18T16:46:28,15,11.8,0.630803292,0.798,0.630812655,0.806,22.865252596366325,0.000257,-176.88,0.000257,-176.88,0.006431,-178.64,0.006431,-178.64,0.03996268076504432,1.759999999999991,0.03994382819603348,0.0012273723862804991,25.011541430704682,-0.768541140816493,-0.005349476067011284
2026-05-18T16:46:30,15,11.8,0.630803292,0.798,0.630901627,0.793,48.89663842714645,0.000266,176.92,0.000266,176.91999999999996,0.006438,-179.07,0.006438,-179.07,0.04131717924821373,-4.009999999999991,0.04121602901994577,-0.0028893343274898455,24.143755174376526,1.6925303644870267,0.005509061205558993
2026-05-18T16:46:33,15,11.8,0.630803292,0.798,0.630918285,0.798,104.5639552591273,0.00027,168.69,0.00027,168.69,0.006432,-179.56,0.006432,-179.56,0.041977611940298504,-11.75,0.04109799091586406,-0.008548394404205212,23.323038811188308,4.8511990493837835,0.0073839240942900125
2026-05-18T16:46:35,15,11.8,0.630803292,0.798,0.630988828,0.798,223.60679774997897,0.000241,156.88,0.000241,156.88,0.006413,179.97,0.006413,179.97000000000003,0.037579915796039295,-23.090000000000032,0.03456938720295901,-0.014737962533854464,24.478233640781156,10.435802294519384,0.007427813183745929
2026-05-18T16:46:38,15,11.8,0.630803292,0.798,0.630977525,0.81,478.17624989501854,0.000176,145.14,0.000176,145.14,0.006371,-178.81,0.006371,-178.81,0.027625176581384397,-36.05000000000001,0.022335058777361506,-0.01625716859002439,29.266916886847966,21.302706506507175,0.007090337595166744
2026-05-18T16:46:41,15,11.8,0.630803292,0.798,0.631005731,0.808,1022.5651825635733,0.000104,139.88,0.000104,139.88,0.00595,179.51,0.00595,179.51,0.017478991596638654,-39.629999999999995,0.013461958958994782,-0.01114857875344229,44.063147378496,36.4910835168954,0.005679575658867123
2026-05-18T16:46:43,15,11.8,0.630803292,0.798,0.63103625,0.795,2186.7241478865553,6.7e-05,157.81,6.7e-05,157.81,0.004723,176.73,0.004723,176.73000000000002,0.014185898793139955,-18.920000000000016,0.013419466353947258,-0.004599744269466197,66.68398290980608,22.857039182064025,0.0016635892432003943
2026-05-18T16:46:46,15,11.8,0.630803292,0.798,0.631065639,0.793,4676.242239113106,6e-05,-178.57,6e-05,-178.57,0.006163,174.36,0.006163,174.36,0.00973551841635567,7.069999999999993,0.009661494591313003,0.0011982658708442012,101.93566248824249,-12.642560033245822,-0.00043028693120241953
2026-05-18T16:46:48,15,11.8,0.630803292,0.798,0.631083011,0.805,10000.0,7.3e-05,-160.83,7.3e-05,-160.83,0.005942,168.21,0.005942,168.21000000000004,0.012285425782564792,30.959999999999923,0.010535080091238078,0.0063201087118899164,69.80032042606419,-41.87396862643431,-0.0006664449093771964
2026-05-18T16:46:52,16,11.9,0.63483513,0.714,0.635196455,0.702,5.000000000000001,0.000255,-177.64,0.000255,-177.64,0.000374,-167.9,0.000374,-167.9,0.6818181818181819,-9.73999999999998,0.6719901825759126,-0.11534828815133298,1.4455255482966296,0.24812698428997848,0.007898127212847024
2026-05-18T16:46:55,16,11.9,0.63483513,0.714,0.635055392,0.718,10.69234599991188,0.00025,-174.47,0.00025,-174.47,0.006461,-177.7,0.006461,-177.7,0.038693700665531655,3.2299999999999898,0.03863223182353935,0.002180168692114934,25.802944202153704,-1.4561615640245502,-0.02167487947517248
2026-05-18T16:46:57,16,11.9,0.63483513,0.714,0.6347448,0.712,22.865252596366325,0.000227,-175.3,0.000227,-175.3,0.006457,-178.62,0.006457,-178.62,0.03515564503639461,3.319999999999993,0.035096641986898124,0.002035951661625769,28.39719371163429,-1.6473175338054744,-0.011466251126775495
2026-05-18T16:47:00,16,11.9,0.63483513,0.714,0.634936034,0.716,48.89663842714645,0.000239,177.03,0.000239,177.02999999999997,0.006463,-179.13,0.006463,-179.13,0.0369797307751818,-3.840000000000032,0.03689670969785182,-0.0024765503583363026,26.98113091446489,1.8110050999595526,0.005894687710539525
2026-05-18T16:47:03,16,11.9,0.63483513,0.714,0.634944459,0.717,104.5639552591273,0.000246,169.1,0.000246,169.10000000000002,0.006454,-179.64,0.006454,-179.64,0.03811589711806632,-11.259999999999991,0.03738221243911219,-0.007442567182908249,25.730765636780706,5.122836221406789,0.007797378219545964
2026-05-18T16:47:05,16,11.9,0.63483513,0.714,0.634980626,0.718,223.60679774997897,0.000222,157.94,0.000222,157.94,0.006426,179.81,0.006426,179.81,0.03454715219421102,-21.870000000000005,0.03206084279931632,-0.012868880437998711,26.862747396180126,10.782420369965289,0.007674522946719674
2026-05-18T16:47:08,16,11.9,0.63483513,0.714,0.635007275,0.704,478.17624989501854,0.000164,148.44,0.000164,148.44,0.006371,-176.82,0.006371,-176.82,0.025741641814471826,-34.74000000000001,0.02115310171327151,-0.014668960808883302,31.922843715726334,22.13741274076602,0.007368159053762991
2026-05-18T16:47:10,16,11.9,0.63483513,0.714,0.63503633,0.716,1022.5651825635733,7.3e-05,123.58,7.3e-05,123.57999999999998,0.006124,-179.21,0.006124,-179.21,0.011920313520574788,-57.210000000000036,0.006455582816848534,-0.010020944312968117,45.43181641572709,70.52340822749201,0.010976463128691735
2026-05-18T16:47:13,16,11.9,0.63483513,0.714,0.635057658,0.709,2186.7241478865553,6.4e-05,158.61,6.4e-05,158.61,0.005812,177.05,0.005812,177.05,0.011011699931176875,-18.439999999999998,0.010446308777184391,-0.0034831262259644212,86.14976994988548,28.725029048406718,0.002090675391283687
2026-05-18T16:47:16,16,11.9,0.63483513,0.714,0.635075033,0.705,4676.242239113106,6e-05,-176.13,6e-05,-176.13,0.00583,174.26,0.00583,174.26,0.010291595197255575,9.610000000000014,0.010147172371346946,0.0017180874745912234,95.80311861457614,-16.22108426809267,-0.0005520812677289288
2026-05-18T16:47:18,16,11.9,0.63483513,0.714,0.635090651,0.705,10000.0,7.3e-05,-160.56,7.3e-05,-160.56,0.00575,168.39,0.00575,168.39,0.012695652173913044,31.05000000000001,0.010876587630808456,0.0065482383608362555,67.48117443115117,-40.6269714402606,-0.0006465983327570733
2026-05-18T16:47:22,17,12.0,0.638530795,0.618,0.638889192,0.615,5.000000000000001,0.000237,-177.47,0.000237,-177.47,0.0004,-174.58,0.0004,-174.58,0.5924999999999999,-2.8899999999999864,0.5917464419731615,-0.029873038213475294,1.6856171681124081,0.08509473400195922,0.0027086495095003573
2026-05-18T16:47:24,17,12.0,0.638530795,0.618,0.638618126,0.628,10.69234599991188,0.000235,-174.6,0.000235,-174.6,0.006476,-177.68,0.006476,-177.68,0.036287831995058674,3.0800000000000125,0.036235413733973085,0.0019497544536168244,27.5176397061779,-1.4806686343928963,-0.022039665780241108
2026-05-18T16:47:27,17,12.0,0.638530795,0.618,0.638357184,0.613,22.865252596366325,0.000239,177.24,0.000239,177.24,0.006481,-178.61,0.006481,-178.61,0.03687702515043975,-4.149999999999977,0.036780333953773524,-0.0026687109613183113,27.0460538989322,1.9624101453565246,0.013659471886035925
2026-05-18T16:47:30,17,12.0,0.638530795,0.618,0.638610127,0.627,48.89663842714645,0.000244,178.02,0.000244,178.01999999999998,0.006481,-179.15,0.006481,-179.15,0.03764851103224811,-2.830000000000041,0.03760259576465034,-0.0018588100240766701,26.529081638667016,1.3114127329970284,0.004268551491553109
2026-05-18T16:47:32,17,12.0,0.638530795,0.618,0.638643349,0.61,104.5639552591273,0.000227,169.63,0.000227,169.63,0.006471,-179.75,0.006471,-179.75,0.035079585844537166,-10.620000000000005,0.03447871035945759,-0.006464972929014013,28.018320469579848,5.253609588752684,0.007996426044260442
2026-05-18T16:47:35,17,12.0,0.638530795,0.618,0.638670443,0.613,223.60679774997897,0.000206,158.85,0.000206,158.85000000000002,0.006436,179.68,0.006436,179.68,0.032007458048477315,-20.829999999999984,0.029915438257632185,-0.011381736448311917,29.200682330797267,11.10979780866894,0.007907537945148785
2026-05-18T16:47:37,17,12.0,0.638530795,0.618,0.638665257,0.611,478.17624989501854,0.000154,146.0,0.000154,146.0,0.006366,-178.1,0.006366,-178.1,0.02419101476594408,-35.89999999999998,0.01959572928505382,-0.014184942340136902,33.4852278121944,24.23926248688333,0.008067733273110892
2026-05-18T16:47:40,17,12.0,0.638530795,0.618,0.638685542,0.619,1022.5651825635733,9.4e-05,143.01,9.4e-05,143.01,0.00581,-179.36,0.00581,-179.36,0.016179001721170396,-37.629999999999995,0.01281328502054151,-0.00987825003105313,48.95049009528082,37.73779944242107,0.005873618058864898
2026-05-18T16:47:43,17,12.0,0.638530795,0.618,0.638698484,0.628,2186.7241478865553,6.1e-05,162.9,6.1e-05,162.89999999999998,0.006068,177.1,0.006068,177.10000000000002,0.010052735662491761,-14.200000000000045,0.009745577841727663,-0.002466010306296474,96.4359734944869,24.40205274610785,0.001776038975874384
2026-05-18T16:47:45,17,12.0,0.638530795,0.618,0.63871299,0.626,4676.242239113106,5.9e-05,-175.64,5.9e-05,-175.64,0.006108,174.29,0.006108,174.28999999999996,0.009659462999345121,10.07000000000005,0.009510657685390398,0.0016889688650303786,101.93060078872814,-18.10154637259831,-0.0006160824088002312
2026-05-18T16:47:48,17,12.0,0.638530795,0.618,0.638753295,0.616,10000.0,7.1e-05,-158.65,7.1e-05,-158.65,0.005869,168.59,0.005869,168.59000000000003,0.012097461237008009,32.75999999999999,0.010173294486823994,0.006546193372126116,69.51413737335147,-44.73014970045961,-0.000711902443006861
2026-05-18T16:47:52,18,12.1,0.641927983,0.529,0.642218974,0.527,5.000000000000001,0.000219,-177.91,0.000219,-177.91,0.002044,-172.79,0.002044,-172.79,0.10714285714285716,-5.1200000000000045,0.10671535443919043,-0.009561640217695767,9.296093097813918,0.8329251034081643,0.02651282948654748
2026-05-18T16:47:54,18,12.1,0.641927983,0.529,0.641753396,0.533,10.69234599991188,0.000234,-178.34,0.000234,-178.34,0.00649,-177.67,0.00649,-177.67,0.03605546995377504,-0.6700000000000159,0.03605300481963336,-0.00042161245601658585,27.733146473508636,0.32431804384294316,0.004827455061024384
2026-05-18T16:47:57,18,12.1,0.641927983,0.529,0.641804698,0.528,22.865252596366325,0.000206,-178.22,0.000206,-178.22,0.006496,-178.63,0.006496,-178.63,0.03171182266009852,0.4099999999999966,0.03171101074278243,0.00022692310740704742,31.533173218496206,-0.2256505070490222,-0.0015706537007053097
2026-05-18T16:47:59,18,12.1,0.641927983,0.529,0.641988711,0.521,48.89663842714645,0.000224,174.14,0.000224,174.14,0.0065,-179.22,0.0065,-179.22,0.03446153846153846,-6.639999999999986,0.034230380188640136,-0.0039848093150422126,28.823213547712975,3.3553530285501743,0.010921426042565
2026-05-18T16:48:02,18,12.1,0.641927983,0.529,0.64200338,0.531,104.5639552591273,0.000212,170.23,0.000212,170.23000000000002,0.006484,-179.84,0.006484,-179.84,0.032695866748920416,-9.92999999999995,0.03220605550312113,-0.005638234776332111,30.126718365353053,5.274210347424738,0.008027782093923784
2026-05-18T16:48:05,18,12.1,0.641927983,0.529,0.642051982,0.521,223.60679774997897,0.000193,159.55,0.000193,159.55,0.006442,179.52,0.006442,179.51999999999998,0.02995963986339646,-19.96999999999997,0.028158213853761143,-0.010232058117029453,31.371257384280828,11.399605473106927,0.00811381218549096
2026-05-18T16:48:07,18,12.1,0.641927983,0.529,0.642060227,0.523,478.17624989501854,0.000145,148.94,0.000145,148.94,0.006364,-177.92,0.006364,-177.92,0.02278441231929604,-33.139999999999986,0.01907823741435749,-0.012455934404816814,36.75044366645593,23.993889252725126,0.007986063882112706
2026-05-18T16:48:10,18,12.1,0.641927983,0.529,0.64207585,0.533,1022.5651825635733,8.9e-05,144.88,8.9e-05,144.88,0.005768,-179.75,0.005768,-179.75,0.01542995839112344,-35.370000000000005,0.012582066322005253,-0.00893169765612685,52.84725818576468,37.51496137363373,0.005838934910287861
2026-05-18T16:48:12,18,12.1,0.641927983,0.529,0.642088459,0.536,2186.7241478865553,6.1e-05,163.04,6.1e-05,163.03999999999996,0.005848,176.81,0.005848,176.81,0.010430916552667579,-13.770000000000039,0.010131122024481111,-0.002482818288515741,93.11348985539372,22.81917787209133,0.001660833607726248
2026-05-18T16:48:15,18,12.1,0.641927983,0.529,0.642110082,0.522,4676.242239113106,5.8e-05,-175.53,5.8e-05,-175.53,0.005857,174.25,0.005857,174.25,0.009902680553184223,10.220000000000027,0.009745561987180332,0.0017570155640855144,99.3805392882183,-17.917197030433343,-0.0006098081168450611
2026-05-18T16:48:18,18,12.1,0.641927983,0.529,0.642128127,0.527,10000.0,7e-05,-158.88,7e-05,-158.88,0.005717,168.92,0.005717,168.91999999999996,0.012244184012594018,32.200000000000045,0.010360944836265427,0.006524635180155876,69.10980472501831,-43.52076671851954,-0.000692654515040163
2026-05-18T16:48:21,19,12.2,0.645075864,0.432,0.64535849,0.431,5.000000000000001,0.000201,-176.31,0.000201,-176.31,0.002991,-172.73,0.002991,-172.73,0.06720160481444333,-3.5800000000000125,0.06707046663850963,-0.004196211926151993,14.851558804383673,0.9291763021836524,0.029576600299275384
2026-05-18T16:48:24,19,12.2,0.645075864,0.432,0.645138052,0.446,10.69234599991188,0.000209,-175.47,0.000209,-175.47,0.006503,-177.71,0.006503,-177.71,0.03213901276334,2.240000000000009,0.03211445448082082,0.0012561667092463355,31.091056856974934,-1.2161361981827032,-0.018102115982344492
2026-05-18T16:48:27,19,12.2,0.645075864,0.432,0.64489853,0.432,22.865252596366325,0.000206,178.07,0.000206,178.07,0.006511,-178.76,0.006511,-178.76,0.03163876516664107,-3.1700000000000728,0.03159035328059773,-0.0017495830580136385,31.55843314773133,1.7478152106212228,0.012165771150316364
2026-05-18T16:48:29,19,12.2,0.645075864,0.432,0.645165854,0.446,48.89663842714645,0.000209,173.4,0.000209,173.39999999999998,0.00651,-179.27,0.00651,-179.27,0.03210445468509985,-7.330000000000041,0.03184208988208044,-0.004096013008907566,30.89377425909565,3.9740262566974995,0.012935161660913784
2026-05-18T16:48:32,19,12.2,0.645075864,0.432,0.645179458,0.436,104.5639552591273,0.000199,170.61,0.000199,170.61,0.006496,-179.93,0.006496,-179.93,0.03063423645320197,-9.460000000000036,0.03021762879344655,-0.005035012728102924,32.19928747526371,5.365206627627858,0.008166285919275566
2026-05-18T16:48:34,19,12.2,0.645075864,0.432,0.64516064,0.429,223.60679774997897,0.000181,160.57,0.000181,160.57,0.006447,179.35,0.006447,179.35000000000002,0.028075073677679543,-18.78000000000003,0.02658040432518155,-0.009038355376782034,33.72250079407282,11.466941685378695,0.00816173957920159
2026-05-18T16:48:37,19,12.2,0.645075864,0.432,0.64521261,0.439,478.17624989501854,0.000137,150.46,0.000137,150.46000000000004,0.006356,-177.92,0.006356,-177.92,0.021554436752674638,-31.620000000000005,0.018354550787270208,-0.011300628704747793,39.50666799794988,24.32367817556226,0.008095829972038763
2026-05-18T16:48:40,19,12.2,0.645075864,0.432,0.645212561,0.437,1022.5651825635733,8.5e-05,146.41,8.5e-05,146.40999999999997,0.005896,179.67,0.005896,179.66999999999996,0.014416553595658074,-33.25999999999999,0.012054984408178667,-0.007906602841616048,58.00210447949949,38.04232245926308,0.005921014884262529
2026-05-18T16:48:42,19,12.2,0.645075864,0.432,0.645225837,0.446,2186.7241478865553,5.8e-05,165.61,5.8e-05,165.61,0.004917,177.2,0.004917,177.2,0.011795810453528574,-11.589999999999975,0.011555297763887501,-0.002369860300412353,83.04731016630686,17.03205987769801,0.001239633505301836
2026-05-18T16:48:45,19,12.2,0.645075864,0.432,0.645244116,0.433,4676.242239113106,5.6e-05,-173.38,5.6e-05,-173.38,0.00594,174.83,0.00594,174.83000000000004,0.009427609427609427,11.789999999999964,0.009228715765692046,0.0019262982208415197,103.83364655305229,-21.673066296200208,-0.000737638355033726
2026-05-18T16:48:47,19,12.2,0.645075864,0.432,0.645251755,0.436,10000.0,7e-05,-158.2,7e-05,-158.2,0.005779,169.55,0.005779,169.55,0.012112822287593007,32.25,0.010244150807973373,0.006463577801365772,69.82087259467518,-44.05368982109027,-0.0007011362496463631
